# [l(l+1)/2pi] C_l's for tensor mode (units: [microK]^2)
# for l=2 to 500, i.e. number of multipoles equal to 499
#
# -> if you don't want to see such a header, set 'headers' to 'no' in input file
# -> for CMB lensing (d), these are C_l^dd for the deflection field.
#    Remember the conversion factors:
#    C_l^dd (deflection) = l(l+1) C_l^phi-phi
#    C_l^gg (shear/convergence) = 1/4 (l(l+1))^2 C_l^phi-phi
#
# 1:l     2:TT                     3:EE                     4:BB                     5:TE                     6:dd                     7:dT                     8:dE                 
    2       4.911960888634e-01       8.193126774330e-06       1.499179678467e-05       6.199088645073e-04       0.000000000000e+00       0.000000000000e+00       0.000000000000e+00 
    3       3.981241032131e-01       8.229774447424e-06       1.476872380015e-05       7.836387663705e-05       0.000000000000e+00       0.000000000000e+00       0.000000000000e+00 
    4       3.741950298588e-01       7.057200608745e-06       1.242121625438e-05      -8.184545894225e-05       0.000000000000e+00       0.000000000000e+00       0.000000000000e+00 
    5       3.671039730314e-01       5.270767713939e-06       9.376833644391e-06      -1.241656223112e-04       0.000000000000e+00       0.000000000000e+00       0.000000000000e+00 
    6       3.655530064003e-01       3.671295506798e-06       6.624221927241e-06      -1.278340971677e-04       0.000000000000e+00       0.000000000000e+00       0.000000000000e+00 
    7       3.664833974979e-01       2.671209038274e-06       4.627280173886e-06      -1.234394403628e-04       0.000000000000e+00       0.000000000000e+00       0.000000000000e+00 
    8       3.685359339661e-01       2.313717891242e-06       3.463735220842e-06      -1.225430270204e-04       0.000000000000e+00       0.000000000000e+00       0.000000000000e+00 
    9       3.710363682862e-01       2.444065761149e-06       3.004084080682e-06      -1.282193358520e-04       0.000000000000e+00       0.000000000000e+00       0.000000000000e+00 
   10       3.736204689452e-01       2.868313540335e-06       3.050320350976e-06      -1.402226917791e-04       0.000000000000e+00       0.000000000000e+00       0.000000000000e+00 
   11       3.760846750411e-01       3.440320006831e-06       3.417633634234e-06      -1.573847346412e-04       0.000000000000e+00       0.000000000000e+00       0.000000000000e+00 
   12       3.783174876034e-01       4.081234684223e-06       3.969131639688e-06      -1.785894773830e-04       0.000000000000e+00       0.000000000000e+00       0.000000000000e+00 
   13       3.802621692541e-01       4.762080665781e-06       4.620059172317e-06      -2.030618318025e-04       0.000000000000e+00       0.000000000000e+00       0.000000000000e+00 
   14       3.818949598779e-01       5.478347124780e-06       5.326678429313e-06      -2.303580563920e-04       0.000000000000e+00       0.000000000000e+00       0.000000000000e+00 
   15       3.832128172957e-01       6.232349900609e-06       6.070657922188e-06      -2.602709724200e-04       0.000000000000e+00       0.000000000000e+00       0.000000000000e+00 
   16       3.842243380942e-01       7.025417921355e-06       6.846219256832e-06      -2.927285491413e-04       0.000000000000e+00       0.000000000000e+00       0.000000000000e+00 
   17       3.849416031343e-01       7.856794040105e-06       7.651958021491e-06      -3.277032726814e-04       0.000000000000e+00       0.000000000000e+00       0.000000000000e+00 
   18       3.853761483900e-01       8.724403709981e-06       8.487503865136e-06      -3.651524858206e-04       0.000000000000e+00       0.000000000000e+00       0.000000000000e+00 
   19       3.855398540076e-01       9.626126458412e-06       9.352359475088e-06      -4.050034666793e-04       0.000000000000e+00       0.000000000000e+00       0.000000000000e+00 
   20       3.854468109588e-01       1.056048505188e-05       1.024580143376e-05      -4.471601943926e-04       0.000000000000e+00       0.000000000000e+00       0.000000000000e+00 
   21       3.851130203619e-01       1.152687698945e-05       1.116691945654e-05      -4.915123387009e-04       0.000000000000e+00       0.000000000000e+00       0.000000000000e+00 
   22       3.845544567473e-01       1.252557339421e-05       1.211446912948e-05      -5.379382630994e-04       0.000000000000e+00       0.000000000000e+00       0.000000000000e+00 
   23       3.837854072026e-01       1.355711433158e-05       1.308706160240e-05      -5.863059964972e-04       0.000000000000e+00       0.000000000000e+00       0.000000000000e+00 
   24       3.828179388544e-01       1.462174977315e-05       1.408326410355e-05      -6.364781354655e-04       0.000000000000e+00       0.000000000000e+00       0.000000000000e+00 
   25       3.816621769578e-01       1.571920273860e-05       1.510152822378e-05      -6.883146537997e-04       0.000000000000e+00       0.000000000000e+00       0.000000000000e+00 
   26       3.803268209780e-01       1.684817311225e-05       1.614062692253e-05      -7.416766121891e-04       0.000000000000e+00       0.000000000000e+00       0.000000000000e+00 
   27       3.788195746870e-01       1.800712538380e-05       1.719903705703e-05      -7.964279782792e-04       0.000000000000e+00       0.000000000000e+00       0.000000000000e+00 
   28       3.771474317693e-01       1.919410299984e-05       1.827540600100e-05      -8.524339776080e-04       0.000000000000e+00       0.000000000000e+00       0.000000000000e+00 
   29       3.753168533797e-01       2.040725537035e-05       1.936829064992e-05      -9.095637060093e-04       0.000000000000e+00       0.000000000000e+00       0.000000000000e+00 
   30       3.733338785669e-01       2.164524402294e-05       2.047591373103e-05      -9.676872317071e-04       0.000000000000e+00       0.000000000000e+00       0.000000000000e+00 
   31       3.712042063009e-01       2.290644892643e-05       2.159699841998e-05      -1.026675567959e-03       0.000000000000e+00       0.000000000000e+00       0.000000000000e+00 
   32       3.689332556184e-01       2.418997932453e-05       2.272972130206e-05      -1.086402982689e-03       0.000000000000e+00       0.000000000000e+00       0.000000000000e+00 
   33       3.665262104416e-01       2.549462593738e-05       2.387268293828e-05      -1.146742250830e-03       0.000000000000e+00       0.000000000000e+00       0.000000000000e+00 
   34       3.639880629741e-01       2.681921387926e-05       2.502448433103e-05      -1.207568383532e-03       0.000000000000e+00       0.000000000000e+00       0.000000000000e+00 
   35       3.613236394177e-01       2.816285623522e-05       2.618342909092e-05      -1.268758258871e-03       0.000000000000e+00       0.000000000000e+00       0.000000000000e+00 
   36       3.585376246785e-01       2.952415456555e-05       2.734829114543e-05      -1.330186922857e-03       0.000000000000e+00       0.000000000000e+00       0.000000000000e+00 
   37       3.556345890150e-01       3.090205280215e-05       2.851745418861e-05      -1.391733389066e-03       0.000000000000e+00       0.000000000000e+00       0.000000000000e+00 
   38       3.526189971634e-01       3.229531400859e-05       2.968943481678e-05      -1.453277649122e-03       0.000000000000e+00       0.000000000000e+00       0.000000000000e+00 
   39       3.494952249787e-01       3.370266734542e-05       3.086272755718e-05      -1.514699227293e-03       0.000000000000e+00       0.000000000000e+00       0.000000000000e+00 
   40       3.462675776288e-01       3.512279186866e-05       3.203582721836e-05      -1.575882412740e-03       0.000000000000e+00       0.000000000000e+00       0.000000000000e+00 
   41       3.429402885997e-01       3.655442499332e-05       3.320712631485e-05      -1.636713310171e-03       0.000000000000e+00       0.000000000000e+00       0.000000000000e+00 
   42       3.395175323760e-01       3.799625208172e-05       3.437502157127e-05      -1.697078321860e-03       0.000000000000e+00       0.000000000000e+00       0.000000000000e+00 
   43       3.360034384632e-01       3.944662625330e-05       3.553821077526e-05      -1.756869019002e-03       0.000000000000e+00       0.000000000000e+00       0.000000000000e+00 
   44       3.324020847033e-01       4.090444829503e-05       3.669483421115e-05      -1.815980867395e-03       0.000000000000e+00       0.000000000000e+00       0.000000000000e+00 
   45       3.287175043232e-01       4.236810031423e-05       3.784354491536e-05      -1.874308745839e-03       0.000000000000e+00       0.000000000000e+00       0.000000000000e+00 
   46       3.249537002105e-01       4.383594146519e-05       3.898304174452e-05      -1.931753445867e-03       0.000000000000e+00       0.000000000000e+00       0.000000000000e+00 
   47       3.211146365658e-01       4.530691303294e-05       4.011149497401e-05      -1.988221409433e-03       0.000000000000e+00       0.000000000000e+00       0.000000000000e+00 
   48       3.172042357343e-01       4.677926897029e-05       4.122781409347e-05      -2.043617988296e-03       0.000000000000e+00       0.000000000000e+00       0.000000000000e+00 
   49       3.132263964615e-01       4.825162225697e-05       4.233062137609e-05      -2.097854233381e-03       0.000000000000e+00       0.000000000000e+00       0.000000000000e+00 
   50       3.091849880783e-01       4.972276110723e-05       4.341846131034e-05      -2.150847960791e-03       0.000000000000e+00       0.000000000000e+00       0.000000000000e+00 
   51       3.050838365361e-01       5.119117068884e-05       4.449027236282e-05      -2.202517492734e-03       0.000000000000e+00       0.000000000000e+00       0.000000000000e+00 
   52       3.009267400966e-01       5.265571016877e-05       4.554470602041e-05      -2.252784983478e-03       0.000000000000e+00       0.000000000000e+00       0.000000000000e+00 
   53       2.967174739930e-01       5.411495277460e-05       4.658079727295e-05      -2.301578658966e-03       0.000000000000e+00       0.000000000000e+00       0.000000000000e+00 
   54       2.924597726604e-01       5.556775325157e-05       4.759739946177e-05      -2.348831510680e-03       0.000000000000e+00       0.000000000000e+00       0.000000000000e+00 
   55       2.881573301115e-01       5.701311454318e-05       4.859329467640e-05      -2.394478361830e-03       0.000000000000e+00       0.000000000000e+00       0.000000000000e+00 
   56       2.838138126917e-01       5.844947948505e-05       4.956789359829e-05      -2.438457128430e-03       0.000000000000e+00       0.000000000000e+00       0.000000000000e+00 
   57       2.794328558346e-01       5.987591577861e-05       5.052007221348e-05      -2.480714067827e-03       0.000000000000e+00       0.000000000000e+00       0.000000000000e+00 
   58       2.750180476837e-01       6.129147533212e-05       5.144879639049e-05      -2.521198556135e-03       0.000000000000e+00       0.000000000000e+00       0.000000000000e+00 
   59       2.705729295207e-01       6.269468918338e-05       5.235360131158e-05      -2.559860217393e-03       0.000000000000e+00       0.000000000000e+00       0.000000000000e+00 
   60       2.661010122805e-01       6.408467297580e-05       5.323350334854e-05      -2.596655808998e-03       0.000000000000e+00       0.000000000000e+00       0.000000000000e+00 
   61       2.616057678187e-01       6.546038235358e-05       5.408774891242e-05      -2.631547499738e-03       0.000000000000e+00       0.000000000000e+00       0.000000000000e+00 
   62       2.570906105749e-01       6.682056582343e-05       5.491584981265e-05      -2.664499645410e-03       0.000000000000e+00       0.000000000000e+00       0.000000000000e+00 
   63       2.525589050945e-01       6.816445307045e-05       5.571688946226e-05      -2.695480941520e-03       0.000000000000e+00       0.000000000000e+00       0.000000000000e+00 
   64       2.480139734945e-01       6.949086587576e-05       5.649040219881e-05      -2.724462891364e-03       0.000000000000e+00       0.000000000000e+00       0.000000000000e+00 
   65       2.434590901455e-01       7.079861488370e-05       5.723599219558e-05      -2.751422128935e-03       0.000000000000e+00       0.000000000000e+00       0.000000000000e+00 
   66       2.388974741723e-01       7.208706660449e-05       5.795277478227e-05      -2.776341472177e-03       0.000000000000e+00       0.000000000000e+00       0.000000000000e+00 
   67       2.343322814348e-01       7.335510630472e-05       5.864038135002e-05      -2.799204346598e-03       0.000000000000e+00       0.000000000000e+00       0.000000000000e+00 
   68       2.297666097092e-01       7.460153907900e-05       5.929856162312e-05      -2.819996759427e-03       0.000000000000e+00       0.000000000000e+00       0.000000000000e+00 
   69       2.252035086538e-01       7.582570918955e-05       5.992659036929e-05      -2.838711718871e-03       0.000000000000e+00       0.000000000000e+00       0.000000000000e+00 
   70       2.206459683275e-01       7.702660431219e-05       6.052414913524e-05      -2.855344837007e-03       0.000000000000e+00       0.000000000000e+00       0.000000000000e+00 
   71       2.160969078728e-01       7.820311253867e-05       6.109106870242e-05      -2.869894027315e-03       0.000000000000e+00       0.000000000000e+00       0.000000000000e+00 
   72       2.115591825657e-01       7.935461388283e-05       6.162675081132e-05      -2.882362380883e-03       0.000000000000e+00       0.000000000000e+00       0.000000000000e+00 
   73       2.070355838993e-01       8.048019379775e-05       6.213093447442e-05      -2.892754590154e-03       0.000000000000e+00       0.000000000000e+00       0.000000000000e+00 
   74       2.025288363528e-01       8.157872329632e-05       6.260362220835e-05      -2.901077437538e-03       0.000000000000e+00       0.000000000000e+00       0.000000000000e+00 
   75       1.980416010556e-01       8.264958887710e-05       6.304438311568e-05      -2.907343768589e-03       0.000000000000e+00       0.000000000000e+00       0.000000000000e+00 
   76       1.935764703603e-01       8.369210618219e-05       6.345292086617e-05      -2.911569205654e-03       0.000000000000e+00       0.000000000000e+00       0.000000000000e+00 
   77       1.891359578726e-01       8.470522203283e-05       6.382935326461e-05      -2.913769368517e-03       0.000000000000e+00       0.000000000000e+00       0.000000000000e+00 
   78       1.847224273473e-01       8.568830767627e-05       6.417345461091e-05      -2.913964705842e-03       0.000000000000e+00       0.000000000000e+00       0.000000000000e+00 
   79       1.803384863224e-01       8.664064459765e-05       6.448515174223e-05      -2.912177328249e-03       0.000000000000e+00       0.000000000000e+00       0.000000000000e+00 
   80       1.759861585427e-01       8.756149305294e-05       6.476446463581e-05      -2.908432471752e-03       0.000000000000e+00       0.000000000000e+00       0.000000000000e+00 
   81       1.716678761913e-01       8.845023959033e-05       6.501136719744e-05      -2.902757590643e-03       0.000000000000e+00       0.000000000000e+00       0.000000000000e+00 
   82       1.673856130730e-01       8.930630391297e-05       6.522587600041e-05      -2.895183096012e-03       0.000000000000e+00       0.000000000000e+00       0.000000000000e+00 
   83       1.631416266284e-01       9.012902600972e-05       6.540815268557e-05      -2.885740072817e-03       0.000000000000e+00       0.000000000000e+00       0.000000000000e+00 
   84       1.589377316778e-01       9.091778203534e-05       6.555839931023e-05      -2.874462344088e-03       0.000000000000e+00       0.000000000000e+00       0.000000000000e+00 
   85       1.547760174262e-01       9.167213939648e-05       6.567671015981e-05      -2.861385992111e-03       0.000000000000e+00       0.000000000000e+00       0.000000000000e+00 
   86       1.506581661256e-01       9.239170381710e-05       6.576321696424e-05      -2.846549589029e-03       0.000000000000e+00       0.000000000000e+00       0.000000000000e+00 
   87       1.465860976911e-01       9.307593280120e-05       6.581825342106e-05      -2.829991449087e-03       0.000000000000e+00       0.000000000000e+00       0.000000000000e+00 
   88       1.425613512765e-01       9.372431124822e-05       6.584220067845e-05      -2.811752141184e-03       0.000000000000e+00       0.000000000000e+00       0.000000000000e+00 
   89       1.385856806233e-01       9.433655360632e-05       6.583529576415e-05      -2.791874713421e-03       0.000000000000e+00       0.000000000000e+00       0.000000000000e+00 
   90       1.346604834181e-01       9.491242395270e-05       6.579779938794e-05      -2.770404345637e-03       0.000000000000e+00       0.000000000000e+00       0.000000000000e+00 
   91       1.307873449006e-01       9.545153651528e-05       6.573016042921e-05      -2.747385297276e-03       0.000000000000e+00       0.000000000000e+00       0.000000000000e+00 
   92       1.269675161091e-01       9.595352352208e-05       6.563287715836e-05      -2.722863496517e-03       0.000000000000e+00       0.000000000000e+00       0.000000000000e+00 
   93       1.232024178803e-01       9.641819984069e-05       6.550633777451e-05      -2.696886758082e-03       0.000000000000e+00       0.000000000000e+00       0.000000000000e+00 
   94       1.194931580999e-01       9.684543429527e-05       6.535094485814e-05      -2.669504664299e-03       0.000000000000e+00       0.000000000000e+00       0.000000000000e+00 
   95       1.158409970180e-01       9.723502281586e-05       6.516721087514e-05      -2.640766220883e-03       0.000000000000e+00       0.000000000000e+00       0.000000000000e+00 
   96       1.122468996829e-01       9.758677623657e-05       6.495569301031e-05      -2.610721611985e-03       0.000000000000e+00       0.000000000000e+00       0.000000000000e+00 
   97       1.087119630006e-01       9.790057549217e-05       6.471692513376e-05      -2.579421480897e-03       0.000000000000e+00       0.000000000000e+00       0.000000000000e+00 
   98       1.052370064671e-01       9.817635083636e-05       6.445145451126e-05      -2.546917806108e-03       0.000000000000e+00       0.000000000000e+00       0.000000000000e+00 
   99       1.018229761585e-01       9.841407923311e-05       6.415983501821e-05      -2.513263024369e-03       0.000000000000e+00       0.000000000000e+00       0.000000000000e+00 
  100       9.847055704189e-02       9.861376474793e-05       6.384265003478e-05      -2.478510475381e-03       0.000000000000e+00       0.000000000000e+00       0.000000000000e+00 
  101       9.518053964785e-02       9.877538683102e-05       6.350053078457e-05      -2.442712590691e-03       0.000000000000e+00       0.000000000000e+00       0.000000000000e+00 
  102       9.195346663676e-02       9.889895506479e-05       6.313413186831e-05      -2.405922487077e-03       0.000000000000e+00       0.000000000000e+00       0.000000000000e+00 
  103       8.878997992681e-02       9.898455772893e-05       6.274408172121e-05      -2.368193671775e-03       0.000000000000e+00       0.000000000000e+00       0.000000000000e+00 
  104       8.569048914477e-02       9.903232543473e-05       6.233102308490e-05      -2.329580365048e-03       0.000000000000e+00       0.000000000000e+00       0.000000000000e+00 
  105       8.265549670099e-02       9.904239418484e-05       6.189562898414e-05      -2.290136238677e-03       0.000000000000e+00       0.000000000000e+00       0.000000000000e+00 
  106       7.968528497961e-02       9.901492796533e-05       6.143859502613e-05      -2.249915275043e-03       0.000000000000e+00       0.000000000000e+00       0.000000000000e+00 
  107       7.678021479139e-02       9.895012176404e-05       6.096062017952e-05      -2.208970789629e-03       0.000000000000e+00       0.000000000000e+00       0.000000000000e+00 
  108       7.394043863258e-02       9.884820526609e-05       6.046241864715e-05      -2.167356304497e-03       0.000000000000e+00       0.000000000000e+00       0.000000000000e+00 
  109       7.116618639627e-02       9.870943905954e-05       5.994471243038e-05      -2.125124888424e-03       0.000000000000e+00       0.000000000000e+00       0.000000000000e+00 
  110       6.845749185825e-02       9.853411857920e-05       5.940823794808e-05      -2.082329684527e-03       0.000000000000e+00       0.000000000000e+00       0.000000000000e+00 
  111       6.581445640488e-02       9.832257067395e-05       5.885373563600e-05      -2.039023028638e-03       0.000000000000e+00       0.000000000000e+00       0.000000000000e+00 
  112       6.323699554248e-02       9.807515536328e-05       5.828195916489e-05      -1.995257147403e-03       0.000000000000e+00       0.000000000000e+00       0.000000000000e+00 
  113       6.072508923952e-02       9.779225632813e-05       5.769367023621e-05      -1.951083545501e-03       0.000000000000e+00       0.000000000000e+00       0.000000000000e+00 
  114       5.827854407584e-02       9.747428967807e-05       5.708964168897e-05      -1.906553466092e-03       0.000000000000e+00       0.000000000000e+00       0.000000000000e+00 
  115       5.589723366589e-02       9.712170192496e-05       5.647064496787e-05      -1.861717114067e-03       0.000000000000e+00       0.000000000000e+00       0.000000000000e+00 
  116       5.358085979751e-02       9.673497205769e-05       5.583746029439e-05      -1.816624314661e-03       0.000000000000e+00       0.000000000000e+00       0.000000000000e+00 
  117       5.132914460332e-02       9.631460241670e-05       5.519087210762e-05      -1.771324143257e-03       0.000000000000e+00       0.000000000000e+00       0.000000000000e+00 
  118       4.914167128950e-02       9.586112509230e-05       5.453167114640e-05      -1.725865136874e-03       0.000000000000e+00       0.000000000000e+00       0.000000000000e+00 
  119       4.701819143047e-02       9.537509329870e-05       5.386063977416e-05      -1.680294457534e-03       0.000000000000e+00       0.000000000000e+00       0.000000000000e+00 
  120       4.495824728470e-02       9.485709272729e-05       5.317856670571e-05      -1.634658726158e-03       0.000000000000e+00       0.000000000000e+00       0.000000000000e+00 
  121       4.296118291446e-02       9.430773912004e-05       5.248624618085e-05      -1.589004013037e-03       0.000000000000e+00       0.000000000000e+00       0.000000000000e+00 
  122       4.102660253236e-02       9.372765790726e-05       5.178445964593e-05      -1.543374941424e-03       0.000000000000e+00       0.000000000000e+00       0.000000000000e+00 
  123       3.915394713102e-02       9.311750280144e-05       5.107399123428e-05      -1.497815396110e-03       0.000000000000e+00       0.000000000000e+00       0.000000000000e+00 
  124       3.734247165070e-02       9.247795640918e-05       5.035562681213e-05      -1.452368520476e-03       0.000000000000e+00       0.000000000000e+00       0.000000000000e+00 
  125       3.559164473725e-02       9.180971156507e-05       4.963013452470e-05      -1.407075981691e-03       0.000000000000e+00       0.000000000000e+00       0.000000000000e+00 
  126       3.390077825605e-02       9.111348837923e-05       4.889828124355e-05      -1.361978534358e-03       0.000000000000e+00       0.000000000000e+00       0.000000000000e+00 
  127       3.226901649162e-02       9.039003263252e-05       4.816083302744e-05      -1.317116054076e-03       0.000000000000e+00       0.000000000000e+00       0.000000000000e+00 
  128       3.069571395631e-02       8.964009195443e-05       4.741853912514e-05      -1.272527078030e-03       0.000000000000e+00       0.000000000000e+00       0.000000000000e+00 
  129       2.918008523495e-02       8.886443741086e-05       4.667214531381e-05      -1.228249122653e-03       0.000000000000e+00       0.000000000000e+00       0.000000000000e+00 
  130       2.772119097339e-02       8.806386462819e-05       4.592239294941e-05      -1.184318664514e-03       0.000000000000e+00       0.000000000000e+00       0.000000000000e+00 
  131       2.631828183095e-02       8.723917365966e-05       4.517000201637e-05      -1.140770785961e-03       0.000000000000e+00       0.000000000000e+00       0.000000000000e+00 
  132       2.497047923367e-02       8.639118724101e-05       4.441568528435e-05      -1.097639398416e-03       0.000000000000e+00       0.000000000000e+00       0.000000000000e+00 
  133       2.367676627314e-02       8.552074905390e-05       4.366014929164e-05      -1.054957292766e-03       0.000000000000e+00       0.000000000000e+00       0.000000000000e+00 
  134       2.243631193262e-02       8.462869837045e-05       4.290408260663e-05      -1.012756105604e-03       0.000000000000e+00       0.000000000000e+00       0.000000000000e+00 
  135       2.124817011429e-02       8.371589293389e-05       4.214816529959e-05      -9.710662556522e-04       0.000000000000e+00       0.000000000000e+00       0.000000000000e+00 
  136       2.011126775191e-02       8.278321053960e-05       4.139306816406e-05      -9.299168886378e-04       0.000000000000e+00       0.000000000000e+00       0.000000000000e+00 
  137       1.902469920961e-02       8.183152911188e-05       4.063944060970e-05      -8.893358254902e-04       0.000000000000e+00       0.000000000000e+00       0.000000000000e+00 
  138       1.798745260720e-02       8.086174467533e-05       3.988792044400e-05      -8.493495149439e-04       0.000000000000e+00       0.000000000000e+00       0.000000000000e+00 
  139       1.699840293720e-02       7.987476971675e-05       3.913913466211e-05      -8.099831152890e-04       0.000000000000e+00       0.000000000000e+00       0.000000000000e+00 
  140       1.605659135742e-02       7.887150862344e-05       3.839369193454e-05      -7.712608514434e-04       0.000000000000e+00       0.000000000000e+00       0.000000000000e+00 
  141       1.516096559076e-02       7.785287978311e-05       3.765218824508e-05      -7.332056005887e-04       0.000000000000e+00       0.000000000000e+00       0.000000000000e+00 
  142       1.431037133244e-02       7.681981570577e-05       3.691520669261e-05      -6.958388581183e-04       0.000000000000e+00       0.000000000000e+00       0.000000000000e+00 
  143       1.350380996866e-02       7.577323957141e-05       3.618331140486e-05      -6.591811291592e-04       0.000000000000e+00       0.000000000000e+00       0.000000000000e+00 
  144       1.274019885421e-02       7.471408629117e-05       3.545705188192e-05      -6.232514838897e-04       0.000000000000e+00       0.000000000000e+00       0.000000000000e+00 
  145       1.201836303772e-02       7.364330279670e-05       3.473696274903e-05      -5.880675438969e-04       0.000000000000e+00       0.000000000000e+00       0.000000000000e+00 
  146       1.133727160498e-02       7.256182631149e-05       3.402355893324e-05      -5.536459683174e-04       0.000000000000e+00       0.000000000000e+00       0.000000000000e+00 
  147       1.069581764515e-02       7.147060382073e-05       3.331733885953e-05      -5.200019245445e-04       0.000000000000e+00       0.000000000000e+00       0.000000000000e+00 
  148       1.009281231530e-02       7.037059105809e-05       3.261878457442e-05      -4.871491211771e-04       0.000000000000e+00       0.000000000000e+00       0.000000000000e+00 
  149       9.527206439552e-03       6.926272851580e-05       3.192835932485e-05      -4.551005282659e-04       0.000000000000e+00       0.000000000000e+00       0.000000000000e+00 
  150       8.997884164305e-03       6.814796292459e-05       3.124650857736e-05      -4.238676373080e-04       0.000000000000e+00       0.000000000000e+00       0.000000000000e+00 
  151       8.503658274911e-03       6.702724649042e-05       3.057365990996e-05      -3.934604801311e-04       0.000000000000e+00       0.000000000000e+00       0.000000000000e+00 
  152       8.043480233979e-03       6.590151159760e-05       2.991022221817e-05      -3.638885294970e-04       0.000000000000e+00       0.000000000000e+00       0.000000000000e+00 
  153       7.616244634609e-03       6.477169343697e-05       2.925658525826e-05      -3.351597969242e-04       0.000000000000e+00       0.000000000000e+00       0.000000000000e+00 
  154       7.220779592310e-03       6.363873028140e-05       2.861311951520e-05      -3.072808063666e-04       0.000000000000e+00       0.000000000000e+00       0.000000000000e+00 
  155       6.856029238161e-03       6.250354025905e-05       2.798017691913e-05      -2.802575256519e-04       0.000000000000e+00       0.000000000000e+00       0.000000000000e+00 
  156       6.520883462846e-03       6.136704206789e-05       2.735808901805e-05      -2.540944376696e-04       0.000000000000e+00       0.000000000000e+00       0.000000000000e+00 
  157       6.214185970092e-03       6.023015296306e-05       2.674716741659e-05      -2.287946359741e-04       0.000000000000e+00       0.000000000000e+00       0.000000000000e+00 
  158       5.934943883357e-03       5.909376055366e-05       2.614770772857e-05      -2.043611600366e-04       0.000000000000e+00       0.000000000000e+00       0.000000000000e+00 
  159       5.682133097262e-03       5.795874800924e-05       2.555998481007e-05      -1.807957007170e-04       0.000000000000e+00       0.000000000000e+00       0.000000000000e+00 
  160       5.454629898594e-03       5.682600258363e-05       2.498425071603e-05      -1.580981271504e-04       0.000000000000e+00       0.000000000000e+00       0.000000000000e+00 
  161       5.251281235560e-03       5.569640541011e-05       2.442073705453e-05      -1.362670159442e-04       0.000000000000e+00       0.000000000000e+00       0.000000000000e+00 
  162       5.071126353915e-03       5.457080043590e-05       2.386966356022e-05      -1.153013757694e-04       0.000000000000e+00       0.000000000000e+00       0.000000000000e+00 
  163       4.913191351610e-03       5.345002221493e-05       2.333122912059e-05      -9.519899914966e-05       0.000000000000e+00       0.000000000000e+00       0.000000000000e+00 
  164       4.776417352946e-03       5.233490528587e-05       2.280560829222e-05      -7.595586948850e-05       0.000000000000e+00       0.000000000000e+00       0.000000000000e+00 
  165       4.659721340108e-03       5.122627508094e-05       2.229295501626e-05      -5.756672938460e-05       0.000000000000e+00       0.000000000000e+00       0.000000000000e+00 
  166       4.562187691662e-03       5.012492042922e-05       2.179341537165e-05      -4.002691950597e-05       0.000000000000e+00       0.000000000000e+00       0.000000000000e+00 
  167       4.482890389035e-03       4.903161806749e-05       2.130711479092e-05      -2.333062731223e-05       0.000000000000e+00       0.000000000000e+00       0.000000000000e+00 
  168       4.420830955856e-03       4.794714085406e-05       2.083415327841e-05      -7.470260777034e-06       0.000000000000e+00       0.000000000000e+00       0.000000000000e+00 
  169       4.374993871228e-03       4.687224940715e-05       2.037461045366e-05       7.562931482110e-06       0.000000000000e+00       0.000000000000e+00       0.000000000000e+00 
  170       4.344520625361e-03       4.580766696662e-05       1.992856236462e-05       2.177686793347e-05       0.000000000000e+00       0.000000000000e+00       0.000000000000e+00 
  171       4.328548063465e-03       4.475410172704e-05       1.949606499694e-05       3.518052448470e-05       0.000000000000e+00       0.000000000000e+00       0.000000000000e+00 
  172       4.326152084375e-03       4.371225427309e-05       1.907714823483e-05       4.778460637200e-05       0.000000000000e+00       0.000000000000e+00       0.000000000000e+00 
  173       4.336397026116e-03       4.268281015185e-05       1.867182207694e-05       5.960088982871e-05       0.000000000000e+00       0.000000000000e+00       0.000000000000e+00 
  174       4.358490461937e-03       4.166641771013e-05       1.828009701390e-05       7.064011883635e-05       0.000000000000e+00       0.000000000000e+00       0.000000000000e+00 
  175       4.391639326675e-03       4.066370768175e-05       1.790196428017e-05       8.091399590034e-05       0.000000000000e+00       0.000000000000e+00       0.000000000000e+00 
  176       4.434999906435e-03       3.967529965389e-05       1.753738871626e-05       9.043588619129e-05       0.000000000000e+00       0.000000000000e+00       0.000000000000e+00 
  177       4.487721826255e-03       3.870179555241e-05       1.718631594894e-05       9.922012762628e-05       0.000000000000e+00       0.000000000000e+00       0.000000000000e+00 
  178       4.549085639401e-03       3.774376037402e-05       1.684869567863e-05       1.072798372004e-04       0.000000000000e+00       0.000000000000e+00       0.000000000000e+00 
  179       4.618374867171e-03       3.680173909914e-05       1.652445927057e-05       1.146289834835e-04       0.000000000000e+00       0.000000000000e+00       0.000000000000e+00 
  180       4.694831606506e-03       3.587626221868e-05       1.621351172651e-05       1.212831165641e-04       0.000000000000e+00       0.000000000000e+00       0.000000000000e+00 
  181       4.777695412780e-03       3.496784029283e-05       1.591573975378e-05       1.272586542139e-04       0.000000000000e+00       0.000000000000e+00       0.000000000000e+00 
  182       4.866324677588e-03       3.407694805935e-05       1.563103772095e-05       1.325706215112e-04       0.000000000000e+00       0.000000000000e+00       0.000000000000e+00 
  183       4.960083680743e-03       3.320403822618e-05       1.535928280684e-05       1.372347833881e-04       0.000000000000e+00       0.000000000000e+00       0.000000000000e+00 
  184       5.058303479593e-03       3.234954591037e-05       1.510032615900e-05       1.412683929443e-04       0.000000000000e+00       0.000000000000e+00       0.000000000000e+00 
  185       5.160315935143e-03       3.151388438098e-05       1.485400171349e-05       1.446894648188e-04       0.000000000000e+00       0.000000000000e+00       0.000000000000e+00 
  186       5.265559724053e-03       3.069743286975e-05       1.462015438644e-05       1.475144823751e-04       0.000000000000e+00       0.000000000000e+00       0.000000000000e+00 
  187       5.373481636656e-03       2.990054693940e-05       1.439861317623e-05       1.497605588195e-04       0.000000000000e+00       0.000000000000e+00       0.000000000000e+00 
  188       5.483502461342e-03       2.912356173505e-05       1.418918164621e-05       1.514461931222e-04       0.000000000000e+00       0.000000000000e+00       0.000000000000e+00 
  189       5.595046792869e-03       2.836678916404e-05       1.399164766155e-05       1.525905271516e-04       0.000000000000e+00       0.000000000000e+00       0.000000000000e+00 
  190       5.707635719913e-03       2.763051017369e-05       1.380581432503e-05       1.532110095988e-04       0.000000000000e+00       0.000000000000e+00       0.000000000000e+00 
  191       5.820800495788e-03       2.691498098514e-05       1.363147055967e-05       1.533255957570e-04       0.000000000000e+00       0.000000000000e+00       0.000000000000e+00 
  192       5.934052755124e-03       2.622043491897e-05       1.346838075516e-05       1.529535145614e-04       0.000000000000e+00       0.000000000000e+00       0.000000000000e+00 
  193       6.046909157147e-03       2.554708100649e-05       1.331629462803e-05       1.521145629633e-04       0.000000000000e+00       0.000000000000e+00       0.000000000000e+00 
  194       6.158967887064e-03       2.489510070127e-05       1.317497844908e-05       1.508268913245e-04       0.000000000000e+00       0.000000000000e+00       0.000000000000e+00 
  195       6.269837359056e-03       2.426465000525e-05       1.304418537318e-05       1.491090894834e-04       0.000000000000e+00       0.000000000000e+00       0.000000000000e+00 
  196       6.379111657252e-03       2.365585988264e-05       1.292364502660e-05       1.469809128277e-04       0.000000000000e+00       0.000000000000e+00       0.000000000000e+00 
  197       6.486394709623e-03       2.306883679249e-05       1.281307593820e-05       1.444624576696e-04       0.000000000000e+00       0.000000000000e+00       0.000000000000e+00 
  198       6.591375135070e-03       2.250366532779e-05       1.271222460264e-05       1.415715860341e-04       0.000000000000e+00       0.000000000000e+00       0.000000000000e+00 
  199       6.693756520181e-03       2.196040484488e-05       1.262082856242e-05       1.383263448616e-04       0.000000000000e+00       0.000000000000e+00       0.000000000000e+00 
  200       6.793233462931e-03       2.143908799540e-05       1.253860354342e-05       1.347458041189e-04       0.000000000000e+00       0.000000000000e+00       0.000000000000e+00 
  201       6.889491473603e-03       2.093972024991e-05       1.246524312905e-05       1.308500707235e-04       0.000000000000e+00       0.000000000000e+00       0.000000000000e+00 
  202       6.982229069027e-03       2.046228288965e-05       1.240043334557e-05       1.266593808482e-04       0.000000000000e+00       0.000000000000e+00       0.000000000000e+00 
  203       7.071226011318e-03       2.000674320906e-05       1.234389825110e-05       1.221912759911e-04       0.000000000000e+00       0.000000000000e+00       0.000000000000e+00 
  204       7.156279734403e-03       1.957304412054e-05       1.229535696248e-05       1.174632527916e-04       0.000000000000e+00       0.000000000000e+00       0.000000000000e+00 
  205       7.237183552810e-03       1.916110028824e-05       1.225450875483e-05       1.124936777609e-04       0.000000000000e+00       0.000000000000e+00       0.000000000000e+00 
  206       7.313726627545e-03       1.877079766186e-05       1.222103277931e-05       1.073017985093e-04       0.000000000000e+00       0.000000000000e+00       0.000000000000e+00 
  207       7.385710184988e-03       1.840199893095e-05       1.219460248548e-05       1.019069015546e-04       0.000000000000e+00       0.000000000000e+00       0.000000000000e+00 
  208       7.452997498120e-03       1.805456127777e-05       1.217493058961e-05       9.632569732925e-05       0.000000000000e+00       0.000000000000e+00       0.000000000000e+00 
  209       7.515467312179e-03       1.772831895788e-05       1.216172668591e-05       9.057477515382e-05       0.000000000000e+00       0.000000000000e+00       0.000000000000e+00 
  210       7.572997914608e-03       1.742307704348e-05       1.215468258275e-05       8.467144913157e-05       0.000000000000e+00       0.000000000000e+00       0.000000000000e+00 
  211       7.625467146230e-03       1.713861097374e-05       1.215347206139e-05       7.863376699672e-05       0.000000000000e+00       0.000000000000e+00       0.000000000000e+00 
  212       7.672764425511e-03       1.687467440681e-05       1.215776534507e-05       7.247970877340e-05       0.000000000000e+00       0.000000000000e+00       0.000000000000e+00 
  213       7.714827705665e-03       1.663102430207e-05       1.216727409932e-05       6.622470390923e-05       0.000000000000e+00       0.000000000000e+00       0.000000000000e+00 
  214       7.751609047539e-03       1.640739667141e-05       1.218170901981e-05       5.988396271714e-05       0.000000000000e+00       0.000000000000e+00       0.000000000000e+00 
  215       7.783062874691e-03       1.620349800533e-05       1.220076519541e-05       5.347327808132e-05       0.000000000000e+00       0.000000000000e+00       0.000000000000e+00 
  216       7.809146016480e-03       1.601900484531e-05       1.222412190594e-05       4.700903215256e-05       0.000000000000e+00       0.000000000000e+00       0.000000000000e+00 
  217       7.829825772593e-03       1.585357392914e-05       1.225145678856e-05       4.050745697855e-05       0.000000000000e+00       0.000000000000e+00       0.000000000000e+00 
  218       7.845104611876e-03       1.570687426193e-05       1.228248980067e-05       3.398234799449e-05       0.000000000000e+00       0.000000000000e+00       0.000000000000e+00 
  219       7.854997195318e-03       1.557855634572e-05       1.231694178245e-05       2.744721179571e-05       0.000000000000e+00       0.000000000000e+00       0.000000000000e+00 
  220       7.859522564907e-03       1.546824139916e-05       1.235452018568e-05       2.091600334784e-05       0.000000000000e+00       0.000000000000e+00       0.000000000000e+00 
  221       7.858704207077e-03       1.537552095671e-05       1.239491890795e-05       1.440313078968e-05       0.000000000000e+00       0.000000000000e+00       0.000000000000e+00 
  222       7.852574759149e-03       1.529996943605e-05       1.243783213319e-05       7.922777663769e-06       0.000000000000e+00       0.000000000000e+00       0.000000000000e+00 
  223       7.841190336406e-03       1.524118357662e-05       1.248299719396e-05       1.486810808150e-06       0.000000000000e+00       0.000000000000e+00       0.000000000000e+00 
  224       7.824617257203e-03       1.519874478385e-05       1.253015416896e-05      -4.893253958829e-06       0.000000000000e+00       0.000000000000e+00       0.000000000000e+00 
  225       7.802927557766e-03       1.517220602359e-05       1.257903199568e-05      -1.120557833382e-05       0.000000000000e+00       0.000000000000e+00       0.000000000000e+00 
  226       7.776199066888e-03       1.516109145269e-05       1.262934833863e-05      -1.743799838013e-05       0.000000000000e+00       0.000000000000e+00       0.000000000000e+00 
  227       7.744517319534e-03       1.516491033790e-05       1.268082232938e-05      -2.357861046589e-05       0.000000000000e+00       0.000000000000e+00       0.000000000000e+00 
  228       7.707981277879e-03       1.518320055846e-05       1.273321395744e-05      -2.961757689652e-05       0.000000000000e+00       0.000000000000e+00       0.000000000000e+00 
  229       7.666698118027e-03       1.521548714915e-05       1.278628692421e-05      -3.554542878440e-05       0.000000000000e+00       0.000000000000e+00       0.000000000000e+00 
  230       7.620781502256e-03       1.526126792584e-05       1.283979589456e-05      -4.135248549198e-05       0.000000000000e+00       0.000000000000e+00       0.000000000000e+00 
  231       7.570351657979e-03       1.532001314927e-05       1.289348639485e-05      -4.702885284936e-05       0.000000000000e+00       0.000000000000e+00       0.000000000000e+00 
  232       7.515534708158e-03       1.539118352976e-05       1.294710826614e-05      -5.256499641909e-05       0.000000000000e+00       0.000000000000e+00       0.000000000000e+00 
  233       7.456460452973e-03       1.547428617905e-05       1.300045716239e-05      -5.795350451402e-05       0.000000000000e+00       0.000000000000e+00       0.000000000000e+00 
  234       7.393264603364e-03       1.556882148274e-05       1.305333543266e-05      -6.318743124967e-05       0.000000000000e+00       0.000000000000e+00       0.000000000000e+00 
  235       7.326089594054e-03       1.567426477789e-05       1.310553872644e-05      -6.825973084173e-05       0.000000000000e+00       0.000000000000e+00       0.000000000000e+00 
  236       7.255084660852e-03       1.579006605744e-05       1.315685592174e-05      -7.316325710015e-05       0.000000000000e+00       0.000000000000e+00       0.000000000000e+00 
  237       7.180405917952e-03       1.591564967470e-05       1.320706905325e-05      -7.789076292321e-05       0.000000000000e+00       0.000000000000e+00       0.000000000000e+00 
  238       7.102213120447e-03       1.605043608655e-05       1.325596671629e-05      -8.243542522042e-05       0.000000000000e+00       0.000000000000e+00       0.000000000000e+00 
  239       7.020659574415e-03       1.619390915587e-05       1.330338532801e-05      -8.679245601589e-05       0.000000000000e+00       0.000000000000e+00       0.000000000000e+00 
  240       6.935901765464e-03       1.634555235332e-05       1.334917022660e-05      -9.095758797000e-05       0.000000000000e+00       0.000000000000e+00       0.000000000000e+00 
  241       6.848102688473e-03       1.650482683758e-05       1.339316237713e-05      -9.492655832844e-05       0.000000000000e+00       0.000000000000e+00       0.000000000000e+00 
  242       6.757431917898e-03       1.667117120629e-05       1.343519832814e-05      -9.869510952478e-05       0.000000000000e+00       0.000000000000e+00       0.000000000000e+00 
  243       6.664065678074e-03       1.684400124695e-05       1.347511016822e-05      -1.022589897830e-04       0.000000000000e+00       0.000000000000e+00       0.000000000000e+00 
  244       6.568181687787e-03       1.702273250268e-05       1.351273673988e-05      -1.056143430603e-04       0.000000000000e+00       0.000000000000e+00       0.000000000000e+00 
  245       6.469943210668e-03       1.720684996347e-05       1.354795810603e-05      -1.087589032009e-04       0.000000000000e+00       0.000000000000e+00       0.000000000000e+00 
  246       6.369514198341e-03       1.739584201151e-05       1.358066303682e-05      -1.116908715480e-04       0.000000000000e+00       0.000000000000e+00       0.000000000000e+00 
  247       6.267064490844e-03       1.758917777491e-05       1.361073791495e-05      -1.144085353308e-04       0.000000000000e+00       0.000000000000e+00       0.000000000000e+00 
  248       6.162769876441e-03       1.778630692442e-05       1.363806671485e-05      -1.169102690492e-04       0.000000000000e+00       0.000000000000e+00       0.000000000000e+00 
  249       6.056812151445e-03       1.798665947018e-05       1.366253098187e-05      -1.191945358572e-04       0.000000000000e+00       0.000000000000e+00       0.000000000000e+00 
  250       5.949372741674e-03       1.818966914338e-05       1.368401928574e-05      -1.212601671550e-04       0.000000000000e+00       0.000000000000e+00       0.000000000000e+00 
  251       5.840613035144e-03       1.839484545732e-05       1.370245622908e-05      -1.231072163999e-04       0.000000000000e+00       0.000000000000e+00       0.000000000000e+00 
  252       5.730693030316e-03       1.860170541108e-05       1.371777507284e-05      -1.247361572675e-04       0.000000000000e+00       0.000000000000e+00       0.000000000000e+00 
  253       5.619777719570e-03       1.880975012152e-05       1.372990841007e-05      -1.261476117847e-04       0.000000000000e+00       0.000000000000e+00       0.000000000000e+00 
  254       5.508037136703e-03       1.901846466512e-05       1.373878816316e-05      -1.273423522459e-04       0.000000000000e+00       0.000000000000e+00       0.000000000000e+00 
  255       5.395646404438e-03       1.922731791981e-05       1.374434558113e-05      -1.283213031292e-04       0.000000000000e+00       0.000000000000e+00       0.000000000000e+00 
  256       5.282778737844e-03       1.943578585903e-05       1.374651869997e-05      -1.290857100165e-04       0.000000000000e+00       0.000000000000e+00       0.000000000000e+00 
  257       5.169583919346e-03       1.964342321605e-05       1.374527519540e-05      -1.296376529588e-04       0.000000000000e+00       0.000000000000e+00       0.000000000000e+00 
  258       5.056208702242e-03       1.984979555339e-05       1.374059081352e-05      -1.299795657842e-04       0.000000000000e+00       0.000000000000e+00       0.000000000000e+00 
  259       4.942803780023e-03       2.005445605960e-05       1.373244203465e-05      -1.301140739084e-04       0.000000000000e+00       0.000000000000e+00       0.000000000000e+00 
  260       4.829523821030e-03       2.025694543380e-05       1.372080608419e-05      -1.300439965557e-04       0.000000000000e+00       0.000000000000e+00       0.000000000000e+00 
  261       4.716527503111e-03       2.045679177034e-05       1.370566094357e-05      -1.297723489797e-04       0.000000000000e+00       0.000000000000e+00       0.000000000000e+00 
  262       4.603970355770e-03       2.065353326112e-05       1.368699085009e-05      -1.293024097511e-04       0.000000000000e+00       0.000000000000e+00       0.000000000000e+00 
  263       4.491982778065e-03       2.084678792684e-05       1.366480310979e-05      -1.286379221546e-04       0.000000000000e+00       0.000000000000e+00       0.000000000000e+00 
  264       4.380690876485e-03       2.103618750483e-05       1.363911223253e-05      -1.277829082118e-04       0.000000000000e+00       0.000000000000e+00       0.000000000000e+00 
  265       4.270223570410e-03       2.122135490208e-05       1.360993454676e-05      -1.267416069360e-04       0.000000000000e+00       0.000000000000e+00       0.000000000000e+00 
  266       4.160712614236e-03       2.140190411959e-05       1.357728822008e-05      -1.255184766658e-04       0.000000000000e+00       0.000000000000e+00       0.000000000000e+00 
  267       4.052292619512e-03       2.157744017668e-05       1.354119327962e-05      -1.241181973995e-04       0.000000000000e+00       0.000000000000e+00       0.000000000000e+00 
  268       3.945094384369e-03       2.174757984171e-05       1.350167514117e-05      -1.225456524450e-04       0.000000000000e+00       0.000000000000e+00       0.000000000000e+00 
  269       3.839224437985e-03       2.191201521746e-05       1.345877536470e-05      -1.208058674681e-04       0.000000000000e+00       0.000000000000e+00       0.000000000000e+00 
  270       3.734784436570e-03       2.207045343595e-05       1.341254151843e-05      -1.189040727006e-04       0.000000000000e+00       0.000000000000e+00       0.000000000000e+00 
  271       3.631877767722e-03       2.222259611998e-05       1.336302374857e-05      -1.168457256176e-04       0.000000000000e+00       0.000000000000e+00       0.000000000000e+00 
  272       3.530609561415e-03       2.236813934204e-05       1.331027480568e-05      -1.146365132364e-04       0.000000000000e+00       0.000000000000e+00       0.000000000000e+00 
  273       3.431086700994e-03       2.250677358335e-05       1.325435007092e-05      -1.122823544168e-04       0.000000000000e+00       0.000000000000e+00       0.000000000000e+00 
  274       3.333411155201e-03       2.263820447986e-05       1.319530940556e-05      -1.097892893765e-04       0.000000000000e+00       0.000000000000e+00       0.000000000000e+00 
  275       3.237659562248e-03       2.276221635630e-05       1.313322275325e-05      -1.071631370543e-04       0.000000000000e+00       0.000000000000e+00       0.000000000000e+00 
  276       3.143902590405e-03       2.287861196304e-05       1.306816488439e-05      -1.044098241544e-04       0.000000000000e+00       0.000000000000e+00       0.000000000000e+00 
  277       3.052211520348e-03       2.298719198300e-05       1.300021362873e-05      -1.015354984124e-04       0.000000000000e+00       0.000000000000e+00       0.000000000000e+00 
  278       2.962658245509e-03       2.308775502370e-05       1.292944990453e-05      -9.854653071516e-05       0.000000000000e+00       0.000000000000e+00       0.000000000000e+00 
  279       2.875315272436e-03       2.318009760935e-05       1.285595774776e-05      -9.544951722095e-05       0.000000000000e+00       0.000000000000e+00       0.000000000000e+00 
  280       2.790255721145e-03       2.326401417296e-05       1.277982434135e-05      -9.225128147937e-05       0.000000000000e+00       0.000000000000e+00       0.000000000000e+00 
  281       2.707547225603e-03       2.333931642861e-05       1.270113998872e-05      -8.895867466970e-05       0.000000000000e+00       0.000000000000e+00       0.000000000000e+00 
  282       2.627233287142e-03       2.340589260761e-05       1.261999797281e-05      -8.557796058084e-05       0.000000000000e+00       0.000000000000e+00       0.000000000000e+00 
  283       2.549350962459e-03       2.346365125438e-05       1.253649474669e-05      -8.211540312239e-05       0.000000000000e+00       0.000000000000e+00       0.000000000000e+00 
  284       2.473936868232e-03       2.351250214206e-05       1.245073001764e-05      -7.857746716212e-05       0.000000000000e+00       0.000000000000e+00       0.000000000000e+00 
  285       2.401027172239e-03       2.355235629393e-05       1.236280677616e-05      -7.497082034024e-05       0.000000000000e+00       0.000000000000e+00       0.000000000000e+00 
  286       2.330657584475e-03       2.358312600490e-05       1.227283132521e-05      -7.130233488366e-05       0.000000000000e+00       0.000000000000e+00       0.000000000000e+00 
  287       2.262863348268e-03       2.360472486289e-05       1.218091330927e-05      -6.757908942026e-05       0.000000000000e+00       0.000000000000e+00       0.000000000000e+00 
  288       2.197674787072e-03       2.361708249130e-05       1.208716381761e-05      -6.380811244315e-05       0.000000000000e+00       0.000000000000e+00       0.000000000000e+00 
  289       2.135103715694e-03       2.362018955135e-05       1.199168952892e-05      -5.999559472208e-05       0.000000000000e+00       0.000000000000e+00       0.000000000000e+00 
  290       2.075156329420e-03       2.361405504120e-05       1.189459832949e-05      -5.614764088283e-05       0.000000000000e+00       0.000000000000e+00       0.000000000000e+00 
  291       2.017837571650e-03       2.359869182100e-05       1.179600123875e-05      -5.227052562940e-05       0.000000000000e+00       0.000000000000e+00       0.000000000000e+00 
  292       1.963151118601e-03       2.357411665557e-05       1.169601243571e-05      -4.837069518584e-05       0.000000000000e+00       0.000000000000e+00       0.000000000000e+00 
  293       1.911099364019e-03       2.354035025704e-05       1.159474928520e-05      -4.445476873805e-05       0.000000000000e+00       0.000000000000e+00       0.000000000000e+00 
  294       1.861683403891e-03       2.349741732755e-05       1.149233236433e-05      -4.052953987553e-05       0.000000000000e+00       0.000000000000e+00       0.000000000000e+00 
  295       1.814900108856e-03       2.344535697753e-05       1.138888214422e-05      -3.660168320820e-05       0.000000000000e+00       0.000000000000e+00       0.000000000000e+00 
  296       1.770733214079e-03       2.338425445828e-05       1.128450880141e-05      -3.267685534265e-05       0.000000000000e+00       0.000000000000e+00       0.000000000000e+00 
  297       1.729161762623e-03       2.331421106872e-05       1.117932195826e-05      -2.876055263325e-05       0.000000000000e+00       0.000000000000e+00       0.000000000000e+00 
  298       1.690162959156e-03       2.323533397661e-05       1.107343400413e-05      -2.485840306639e-05       0.000000000000e+00       0.000000000000e+00       0.000000000000e+00 
  299       1.653712150665e-03       2.314773627547e-05       1.096696011714e-05      -2.097616729716e-05       0.000000000000e+00       0.000000000000e+00       0.000000000000e+00 
  300       1.619782807157e-03       2.305153704149e-05       1.086001828590e-05      -1.711973968590e-05       0.000000000000e+00       0.000000000000e+00       0.000000000000e+00 
  301       1.588346502373e-03       2.294686139046e-05       1.075272933129e-05      -1.329514933490e-05       0.000000000000e+00       0.000000000000e+00       0.000000000000e+00 
  302       1.559371528568e-03       2.283384627339e-05       1.064521276696e-05      -9.508262857730e-06       0.000000000000e+00       0.000000000000e+00       0.000000000000e+00 
  303       1.532818707099e-03       2.271265805363e-05       1.053757411700e-05      -5.763874811879e-06       0.000000000000e+00       0.000000000000e+00       0.000000000000e+00 
  304       1.508645339442e-03       2.258347588306e-05       1.042991703306e-05      -2.066575707212e-06       0.000000000000e+00       0.000000000000e+00       0.000000000000e+00 
  305       1.486806534023e-03       2.244648610351e-05       1.032234741704e-05       1.578953012293e-06       0.000000000000e+00       0.000000000000e+00       0.000000000000e+00 
  306       1.467255185136e-03       2.230188231117e-05       1.021497343738e-05       5.167938323064e-06       0.000000000000e+00       0.000000000000e+00       0.000000000000e+00 
  307       1.449941951859e-03       2.214986542105e-05       1.010790554536e-05       8.695514976450e-06       0.000000000000e+00       0.000000000000e+00       0.000000000000e+00 
  308       1.434815236968e-03       2.199064373140e-05       1.000125649139e-05       1.215672485324e-05       0.000000000000e+00       0.000000000000e+00       0.000000000000e+00 
  309       1.421821291309e-03       2.182443411648e-05       9.895136183640e-06       1.554683111400e-05       0.000000000000e+00       0.000000000000e+00       0.000000000000e+00 
  310       1.410904575566e-03       2.165146553412e-05       9.789635964216e-06       1.886227824118e-05       0.000000000000e+00       0.000000000000e+00       0.000000000000e+00 
  311       1.402007374255e-03       2.147197580834e-05       9.684843628248e-06       2.209977570880e-05       0.000000000000e+00       0.000000000000e+00       0.000000000000e+00 
  312       1.395069650966e-03       2.128621058140e-05       9.580848524944e-06       2.525598699082e-05       0.000000000000e+00       0.000000000000e+00       0.000000000000e+00 
  313       1.390029027432e-03       2.109442337976e-05       9.477741567428e-06       2.832752930998e-05       0.000000000000e+00       0.000000000000e+00       0.000000000000e+00 
  314       1.386820762604e-03       2.089687567985e-05       9.375615242576e-06       3.131097338673e-05       0.000000000000e+00       0.000000000000e+00       0.000000000000e+00 
  315       1.385377731723e-03       2.069383697396e-05       9.274563620852e-06       3.420284318803e-05       0.000000000000e+00       0.000000000000e+00       0.000000000000e+00 
  316       1.385630405395e-03       2.048558483612e-05       9.174682366141e-06       3.699961567631e-05       0.000000000000e+00       0.000000000000e+00       0.000000000000e+00 
  317       1.387508470234e-03       2.027240103201e-05       9.076063074466e-06       3.969802397994e-05       0.000000000000e+00       0.000000000000e+00       0.000000000000e+00 
  318       1.390945815516e-03       2.005455951744e-05       8.978775984219e-06       4.229598272177e-05       0.000000000000e+00       0.000000000000e+00       0.000000000000e+00 
  319       1.395875733406e-03       1.983233802040e-05       8.882886495407e-06       4.479170446622e-05       0.000000000000e+00       0.000000000000e+00       0.000000000000e+00 
  320       1.402229279026e-03       1.960602200841e-05       8.788460772625e-06       4.718340021828e-05       0.000000000000e+00       0.000000000000e+00       0.000000000000e+00 
  321       1.409935251485e-03       1.937590474974e-05       8.695565748151e-06       4.946927953358e-05       0.000000000000e+00       0.000000000000e+00       0.000000000000e+00 
  322       1.418920174904e-03       1.914228737451e-05       8.604269125020e-06       5.164755062845e-05       0.000000000000e+00       0.000000000000e+00       0.000000000000e+00 
  323       1.429108279444e-03       1.890547893584e-05       8.514639380117e-06       5.371642049001e-05       0.000000000000e+00       0.000000000000e+00       0.000000000000e+00 
  324       1.440421482334e-03       1.866579647102e-05       8.426745767254e-06       5.567409498622e-05       0.000000000000e+00       0.000000000000e+00       0.000000000000e+00 
  325       1.452782192097e-03       1.842355651651e-05       8.340653184358e-06       5.751901707834e-05       0.000000000000e+00       0.000000000000e+00       0.000000000000e+00 
  326       1.466121898166e-03       1.817904910981e-05       8.256406516004e-06       5.925059296012e-05       0.000000000000e+00       0.000000000000e+00       0.000000000000e+00 
  327       1.480372926980e-03       1.793256274855e-05       8.174045599107e-06       6.086849849551e-05       0.000000000000e+00       0.000000000000e+00       0.000000000000e+00 
  328       1.495465637597e-03       1.768439288334e-05       8.093610293175e-06       6.237244441300e-05       0.000000000000e+00       0.000000000000e+00       0.000000000000e+00 
  329       1.511328405915e-03       1.743484196926e-05       8.015140477572e-06       6.376217668542e-05       0.000000000000e+00       0.000000000000e+00       0.000000000000e+00 
  330       1.527887608903e-03       1.718421951737e-05       7.938676048788e-06       6.503747690963e-05       0.000000000000e+00       0.000000000000e+00       0.000000000000e+00 
  331       1.545067608819e-03       1.693284214611e-05       7.864256917706e-06       6.619816268629e-05       0.000000000000e+00       0.000000000000e+00       0.000000000000e+00 
  332       1.562790737442e-03       1.668103363284e-05       7.791923006867e-06       6.724408799964e-05       0.000000000000e+00       0.000000000000e+00       0.000000000000e+00 
  333       1.580980878466e-03       1.642911295234e-05       7.721709920736e-06       6.817531233013e-05       0.000000000000e+00       0.000000000000e+00       0.000000000000e+00 
  334       1.599574419132e-03       1.617735771232e-05       7.653635754048e-06       6.899261534045e-05       0.000000000000e+00       0.000000000000e+00       0.000000000000e+00 
  335       1.618509744234e-03       1.592603922775e-05       7.587713704155e-06       6.969700532599e-05       0.000000000000e+00       0.000000000000e+00       0.000000000000e+00 
  336       1.637723669068e-03       1.567543442861e-05       7.523956338893e-06       7.028955306141e-05       0.000000000000e+00       0.000000000000e+00       0.000000000000e+00 
  337       1.657151427548e-03       1.542582589844e-05       7.462375589176e-06       7.077139236245e-05       0.000000000000e+00       0.000000000000e+00       0.000000000000e+00 
  338       1.676726660307e-03       1.517750191282e-05       7.402982741595e-06       7.114372064771e-05       0.000000000000e+00       0.000000000000e+00       0.000000000000e+00 
  339       1.696381402811e-03       1.493075647791e-05       7.345788431021e-06       7.140779950043e-05       0.000000000000e+00       0.000000000000e+00       0.000000000000e+00 
  340       1.716046073456e-03       1.468588936891e-05       7.290802633198e-06       7.156495523033e-05       0.000000000000e+00       0.000000000000e+00       0.000000000000e+00 
  341       1.735653298805e-03       1.444319238200e-05       7.238031511337e-06       7.161667121194e-05       0.000000000000e+00       0.000000000000e+00       0.000000000000e+00 
  342       1.755149593102e-03       1.420290736605e-05       7.187467823065e-06       7.156486808233e-05       0.000000000000e+00       0.000000000000e+00       0.000000000000e+00 
  343       1.774484151855e-03       1.396526648261e-05       7.139100091280e-06       7.141163655162e-05       0.000000000000e+00       0.000000000000e+00       0.000000000000e+00 
  344       1.793605051586e-03       1.373050585584e-05       7.092915702778e-06       7.115914735448e-05       0.000000000000e+00       0.000000000000e+00       0.000000000000e+00 
  345       1.812459241890e-03       1.349886559681e-05       7.048900897614e-06       7.080965190633e-05       0.000000000000e+00       0.000000000000e+00       0.000000000000e+00 
  346       1.830992537483e-03       1.327058982788e-05       7.007040758468e-06       7.036548295963e-05       0.000000000000e+00       0.000000000000e+00       0.000000000000e+00 
  347       1.849149610260e-03       1.304592670694e-05       6.967319200003e-06       6.982905526005e-05       0.000000000000e+00       0.000000000000e+00       0.000000000000e+00 
  348       1.866873981355e-03       1.282512845183e-05       6.929718958226e-06       6.920286620275e-05       0.000000000000e+00       0.000000000000e+00       0.000000000000e+00 
  349       1.884112084814e-03       1.260843563943e-05       6.894219645256e-06       6.848951113391e-05       0.000000000000e+00       0.000000000000e+00       0.000000000000e+00 
  350       1.900825661202e-03       1.239602933361e-05       6.860791846190e-06       6.769172861445e-05       0.000000000000e+00       0.000000000000e+00       0.000000000000e+00 
  351       1.916979863236e-03       1.218807701646e-05       6.829402756199e-06       6.681235832163e-05       0.000000000000e+00       0.000000000000e+00       0.000000000000e+00 
  352       1.932539226685e-03       1.198474814289e-05       6.800018080511e-06       6.585432724154e-05       0.000000000000e+00       0.000000000000e+00       0.000000000000e+00 
  353       1.947467666424e-03       1.178621414945e-05       6.772602021866e-06       6.482065033967e-05       0.000000000000e+00       0.000000000000e+00       0.000000000000e+00 
  354       1.961728472488e-03       1.159264846324e-05       6.747117267986e-06       6.371443123155e-05       0.000000000000e+00       0.000000000000e+00       0.000000000000e+00 
  355       1.975284306129e-03       1.140422651080e-05       6.723524979028e-06       6.253886285333e-05       0.000000000000e+00       0.000000000000e+00       0.000000000000e+00 
  356       1.988097195869e-03       1.122112572693e-05       6.701784775049e-06       6.129722813246e-05       0.000000000000e+00       0.000000000000e+00       0.000000000000e+00 
  357       2.000128533558e-03       1.104352556363e-05       6.681854723467e-06       5.999290065826e-05       0.000000000000e+00       0.000000000000e+00       0.000000000000e+00 
  358       2.011342937006e-03       1.087159148232e-05       6.663690877044e-06       5.862927927958e-05       0.000000000000e+00       0.000000000000e+00       0.000000000000e+00 
  359       2.021720018591e-03       1.070542619712e-05       6.647245892821e-06       5.720958760342e-05       0.000000000000e+00       0.000000000000e+00       0.000000000000e+00 
  360       2.031243085606e-03       1.054511647407e-05       6.632470332673e-06       5.573706768905e-05       0.000000000000e+00       0.000000000000e+00       0.000000000000e+00 
  361       2.039895316372e-03       1.039074896346e-05       6.619313094828e-06       5.421504599481e-05       0.000000000000e+00       0.000000000000e+00       0.000000000000e+00 
  362       2.047659759901e-03       1.024241019380e-05       6.607721400905e-06       5.264693398700e-05       0.000000000000e+00       0.000000000000e+00       0.000000000000e+00 
  363       2.054519335562e-03       1.010018656563e-05       6.597640782962e-06       5.103622874881e-05       0.000000000000e+00       0.000000000000e+00       0.000000000000e+00 
  364       2.060456832746e-03       9.964164345570e-06       6.589015070530e-06       4.938651358927e-05       0.000000000000e+00       0.000000000000e+00       0.000000000000e+00 
  365       2.065454910531e-03       9.834429660135e-06       6.581786377662e-06       4.770145865215e-05       0.000000000000e+00       0.000000000000e+00       0.000000000000e+00 
  366       2.069496097350e-03       9.711068489714e-06       6.575895089966e-06       4.598482152489e-05       0.000000000000e+00       0.000000000000e+00       0.000000000000e+00 
  367       2.072565723650e-03       9.594153429979e-06       6.571280989909e-06       4.424031415913e-05       0.000000000000e+00       0.000000000000e+00       0.000000000000e+00 
  368       2.074660848431e-03       9.483703411435e-06       6.567886708241e-06       4.247119658596e-05       0.000000000000e+00       0.000000000000e+00       0.000000000000e+00 
  369       2.075781684854e-03       9.379722375963e-06       6.565654383573e-06       4.068066833698e-05       0.000000000000e+00       0.000000000000e+00       0.000000000000e+00 
  370       2.075928701351e-03       9.282212347844e-06       6.564524524529e-06       3.887200117177e-05       0.000000000000e+00       0.000000000000e+00       0.000000000000e+00 
  371       2.075102623895e-03       9.191173415921e-06       6.564435997800e-06       3.704853956801e-05       0.000000000000e+00       0.000000000000e+00       0.000000000000e+00 
  372       2.073304438273e-03       9.106603715762e-06       6.565326016196e-06       3.521370121160e-05       0.000000000000e+00       0.000000000000e+00       0.000000000000e+00 
  373       2.070535392358e-03       9.028499411822e-06       6.567130126700e-06       3.337097748680e-05       0.000000000000e+00       0.000000000000e+00       0.000000000000e+00 
  374       2.066796998379e-03       8.956854679608e-06       6.569782198518e-06       3.152393396642e-05       0.000000000000e+00       0.000000000000e+00       0.000000000000e+00 
  375       2.062091035191e-03       8.891661687842e-06       6.573214411136e-06       2.967621090192e-05       0.000000000000e+00       0.000000000000e+00       0.000000000000e+00 
  376       2.056421481016e-03       8.832900996265e-06       6.577359626297e-06       2.783134576863e-05       0.000000000000e+00       0.000000000000e+00       0.000000000000e+00 
  377       2.049800389251e-03       8.780512376881e-06       6.582158629280e-06       2.599223234895e-05       0.000000000000e+00       0.000000000000e+00       0.000000000000e+00 
  378       2.042242243841e-03       8.734422831816e-06       6.587553143604e-06       2.416164173834e-05       0.000000000000e+00       0.000000000000e+00       0.000000000000e+00 
  379       2.033762053174e-03       8.694556050168e-06       6.593483462435e-06       2.234239874419e-05       0.000000000000e+00       0.000000000000e+00       0.000000000000e+00 
  380       2.024375353988e-03       8.660832382057e-06       6.599888438657e-06       2.053738222537e-05       0.000000000000e+00       0.000000000000e+00       0.000000000000e+00 
  381       2.014098215278e-03       8.633168812675e-06       6.606705474938e-06       1.874952543170e-05       0.000000000000e+00       0.000000000000e+00       0.000000000000e+00 
  382       2.002947242197e-03       8.611478936334e-06       6.613870513806e-06       1.698181634348e-05       0.000000000000e+00       0.000000000000e+00       0.000000000000e+00 
  383       1.990939579969e-03       8.595672930517e-06       6.621318027718e-06       1.523729801096e-05       0.000000000000e+00       0.000000000000e+00       0.000000000000e+00 
  384       1.978092917785e-03       8.585657529928e-06       6.628981009132e-06       1.351906889389e-05       0.000000000000e+00       0.000000000000e+00       0.000000000000e+00 
  385       1.964426352532e-03       8.581330877818e-06       6.636794122075e-06       1.183009000882e-05       0.000000000000e+00       0.000000000000e+00       0.000000000000e+00 
  386       1.949963007857e-03       8.582566918984e-06       6.644703308096e-06       1.017259766336e-05       0.000000000000e+00       0.000000000000e+00       0.000000000000e+00 
  387       1.934727521490e-03       8.589230367558e-06       6.652656522921e-06       8.548669251638e-06       0.000000000000e+00       0.000000000000e+00       0.000000000000e+00 
  388       1.918745198922e-03       8.601181746619e-06       6.660600600293e-06       6.960414630585e-06       0.000000000000e+00       0.000000000000e+00       0.000000000000e+00 
  389       1.902042018011e-03       8.618277358111e-06       6.668481244598e-06       5.409976303411e-06       0.000000000000e+00       0.000000000000e+00       0.000000000000e+00 
  390       1.884644633577e-03       8.640369252753e-06       6.676243023487e-06       3.899529603127e-06       0.000000000000e+00       0.000000000000e+00       0.000000000000e+00 
  391       1.866580382007e-03       8.667305199951e-06       6.683829360504e-06       2.431282876042e-06       0.000000000000e+00       0.000000000000e+00       0.000000000000e+00 
  392       1.847877285852e-03       8.698928657716e-06       6.691182527704e-06       1.007477665271e-06       0.000000000000e+00       0.000000000000e+00       0.000000000000e+00 
  393       1.828564058425e-03       8.735078742571e-06       6.698243638280e-06      -3.696111057677e-07       0.000000000000e+00       0.000000000000e+00       0.000000000000e+00 
  394       1.808669947845e-03       8.775589910115e-06       6.704956477138e-06      -1.697876000276e-06       0.000000000000e+00       0.000000000000e+00       0.000000000000e+00 
  395       1.788224253431e-03       8.820291045123e-06       6.711279163225e-06      -2.975988200355e-06       0.000000000000e+00       0.000000000000e+00       0.000000000000e+00 
  396       1.767256800520e-03       8.869006278857e-06       6.717172902384e-06      -4.202808529814e-06       0.000000000000e+00       0.000000000000e+00       0.000000000000e+00 
  397       1.745798103878e-03       8.921555245183e-06       6.722598183799e-06      -5.377188408628e-06       0.000000000000e+00       0.000000000000e+00       0.000000000000e+00 
  398       1.723879372179e-03       8.977753050258e-06       6.727514775583e-06      -6.497969824451e-06       0.000000000000e+00       0.000000000000e+00       0.000000000000e+00 
  399       1.701532512478e-03       9.037410242223e-06       6.731881720357e-06      -7.563985304140e-06       0.000000000000e+00       0.000000000000e+00       0.000000000000e+00 
  400       1.678790134689e-03       9.100332780891e-06       6.735657330834e-06      -8.574057885269e-06       0.000000000000e+00       0.000000000000e+00       0.000000000000e+00 
  401       1.655685556063e-03       9.166322007437e-06       6.738799185403e-06      -9.527001087651e-06       0.000000000000e+00       0.000000000000e+00       0.000000000000e+00 
  402       1.632252805659e-03       9.235174614089e-06       6.741264123712e-06      -1.042161888486e-05       0.000000000000e+00       0.000000000000e+00       0.000000000000e+00 
  403       1.608526628825e-03       9.306682613817e-06       6.743008242250e-06      -1.125670567572e-05       0.000000000000e+00       0.000000000000e+00       0.000000000000e+00 
  404       1.584541382860e-03       9.380638168661e-06       6.743990908303e-06      -1.203122812100e-05       0.000000000000e+00       0.000000000000e+00       0.000000000000e+00 
  405       1.560327671136e-03       9.456848327759e-06       6.744186969797e-06      -1.274487791276e-05       0.000000000000e+00       0.000000000000e+00       0.000000000000e+00 
  406       1.535915596801e-03       9.535120759460e-06       6.743574975592e-06      -1.339753881513e-05       0.000000000000e+00       0.000000000000e+00       0.000000000000e+00 
  407       1.511335864317e-03       9.615258913870e-06       6.742133195278e-06      -1.398910669806e-05       0.000000000000e+00       0.000000000000e+00       0.000000000000e+00 
  408       1.486619783121e-03       9.697061996099e-06       6.739839617706e-06      -1.451948964221e-05       0.000000000000e+00       0.000000000000e+00       0.000000000000e+00 
  409       1.461799271290e-03       9.780324939520e-06       6.736671949516e-06      -1.498860804385e-05       0.000000000000e+00       0.000000000000e+00       0.000000000000e+00 
  410       1.436906859202e-03       9.864838379018e-06       6.732607613671e-06      -1.539639471977e-05       0.000000000000e+00       0.000000000000e+00       0.000000000000e+00 
  411       1.411975693203e-03       9.950388624247e-06       6.727623747981e-06      -1.574279501219e-05       0.000000000000e+00       0.000000000000e+00       0.000000000000e+00 
  412       1.387039539263e-03       1.003675763288e-05       6.721697203642e-06      -1.602776689363e-05       0.000000000000e+00       0.000000000000e+00       0.000000000000e+00 
  413       1.362132786647e-03       1.012372298386e-05       6.714804543757e-06      -1.625128107183e-05       0.000000000000e+00       0.000000000000e+00       0.000000000000e+00 
  414       1.337288693809e-03       1.021106708460e-05       6.706925429815e-06      -1.641344603053e-05       0.000000000000e+00       0.000000000000e+00       0.000000000000e+00 
  415       1.312534050843e-03       1.029860520282e-05       6.698052914982e-06      -1.651488777056e-05       0.000000000000e+00       0.000000000000e+00       0.000000000000e+00 
  416       1.287894336993e-03       1.038615836551e-05       6.688183509002e-06      -1.655638359603e-05       0.000000000000e+00       0.000000000000e+00       0.000000000000e+00 
  417       1.263395463929e-03       1.047354419357e-05       6.677313823769e-06      -1.653873857335e-05       0.000000000000e+00       0.000000000000e+00       0.000000000000e+00 
  418       1.239063778179e-03       1.056057688152e-05       6.665440574226e-06      -1.646278572340e-05       0.000000000000e+00       0.000000000000e+00       0.000000000000e+00 
  419       1.214926063572e-03       1.064706717720e-05       6.652560579255e-06      -1.632938621367e-05       0.000000000000e+00       0.000000000000e+00       0.000000000000e+00 
  420       1.191009543666e-03       1.073282236146e-05       6.638670762578e-06      -1.613942955044e-05       0.000000000000e+00       0.000000000000e+00       0.000000000000e+00 
  421       1.167341884184e-03       1.081764622789e-05       6.623768153654e-06      -1.589383377092e-05       0.000000000000e+00       0.000000000000e+00       0.000000000000e+00 
  422       1.143951195453e-03       1.090133906251e-05       6.607849888571e-06      -1.559354563543e-05       0.000000000000e+00       0.000000000000e+00       0.000000000000e+00 
  423       1.120866034837e-03       1.098369762346e-05       6.590913210949e-06      -1.523954081955e-05       0.000000000000e+00       0.000000000000e+00       0.000000000000e+00 
  424       1.098113428898e-03       1.106452681191e-05       6.572957931778e-06      -1.483288715166e-05       0.000000000000e+00       0.000000000000e+00       0.000000000000e+00 
  425       1.075712860285e-03       1.114367516656e-05       6.553993899958e-06      -1.437493632034e-05       0.000000000000e+00       0.000000000000e+00       0.000000000000e+00 
  426       1.053682079621e-03       1.122100054525e-05       6.534033789468e-06      -1.386713911261e-05       0.000000000000e+00       0.000000000000e+00       0.000000000000e+00 
  427       1.032039068280e-03       1.129635853121e-05       6.513090666062e-06      -1.331098319540e-05       0.000000000000e+00       0.000000000000e+00       0.000000000000e+00 
  428       1.010802039501e-03       1.136960242055e-05       6.491177989809e-06      -1.270799334968e-05       0.000000000000e+00       0.000000000000e+00       0.000000000000e+00 
  429       9.899894395098e-04       1.144058320969e-05       6.468309617621e-06      -1.205973170459e-05       0.000000000000e+00       0.000000000000e+00       0.000000000000e+00 
  430       9.696199486279e-04       1.150914958292e-05       6.444499805794e-06      -1.136779797161e-05       0.000000000000e+00       0.000000000000e+00       0.000000000000e+00 
  431       9.497124823952e-04       1.157514789984e-05       6.419763212536e-06      -1.063382967868e-05       0.000000000000e+00       0.000000000000e+00       0.000000000000e+00 
  432       9.302861926838e-04       1.163842218286e-05       6.394114900501e-06      -9.859502404350e-06       0.000000000000e+00       0.000000000000e+00       0.000000000000e+00 
  433       9.113604688152e-04       1.169881410471e-05       6.367570339330e-06      -9.046530011949e-06       0.000000000000e+00       0.000000000000e+00       0.000000000000e+00 
  434       8.929529164129e-04       1.175617637759e-05       6.340146776746e-06      -8.196661664132e-06       0.000000000000e+00       0.000000000000e+00       0.000000000000e+00 
  435       8.750732171738e-04       1.181041343987e-05       6.311867397271e-06      -7.311672279664e-06       0.000000000000e+00       0.000000000000e+00       0.000000000000e+00 
  436       8.577290657293e-04       1.186144210689e-05       6.282757307721e-06      -6.393372217612e-06       0.000000000000e+00       0.000000000000e+00       0.000000000000e+00 
  437       8.409281731662e-04       1.190917828842e-05       6.252842184610e-06      -5.443610699432e-06       0.000000000000e+00       0.000000000000e+00       0.000000000000e+00 
  438       8.246782668579e-04       1.195353698461e-05       6.222148277556e-06      -4.464276041067e-06       0.000000000000e+00       0.000000000000e+00       0.000000000000e+00 
  439       8.089870902953e-04       1.199443228202e-05       6.190702412681e-06      -3.457295885045e-06       0.000000000000e+00       0.000000000000e+00       0.000000000000e+00 
  440       7.938624029182e-04       1.203177734963e-05       6.158531996020e-06      -2.424637432575e-06       0.000000000000e+00       0.000000000000e+00       0.000000000000e+00 
  441       7.793119799461e-04       1.206548443485e-05       6.125665016918e-06      -1.368307675649e-06       0.000000000000e+00       0.000000000000e+00       0.000000000000e+00 
  442       7.653436122098e-04       1.209546485950e-05       6.092130051440e-06      -2.903536291335e-07       0.000000000000e+00       0.000000000000e+00       0.000000000000e+00 
  443       7.519651059821e-04       1.212162901585e-05       6.057956265772e-06       8.071374371280e-07       0.000000000000e+00       0.000000000000e+00       0.000000000000e+00 
  444       7.391842828092e-04       1.214388636260e-05       6.023173419624e-06       1.922037766220e-06       0.000000000000e+00       0.000000000000e+00       0.000000000000e+00 
  445       7.270072802951e-04       1.216215844755e-05       5.987811976756e-06       3.052246696337e-06       0.000000000000e+00       0.000000000000e+00       0.000000000000e+00 
  446       7.154333937036e-04       1.217641845194e-05       5.951903433575e-06       4.195896309801e-06       0.000000000000e+00       0.000000000000e+00       0.000000000000e+00 
  447       7.044600655608e-04       1.218665292970e-05       5.915480007969e-06       5.351152043529e-06       0.000000000000e+00       0.000000000000e+00       0.000000000000e+00 
  448       6.940845682844e-04       1.219284890135e-05       5.878574536606e-06       6.516145291181e-06       0.000000000000e+00       0.000000000000e+00       0.000000000000e+00 
  449       6.843040029878e-04       1.219499385793e-05       5.841220478411e-06       7.688973212059e-06       0.000000000000e+00       0.000000000000e+00       0.000000000000e+00 
  450       6.751152982836e-04       1.219307576486e-05       5.803451918033e-06       8.867698540010e-06       0.000000000000e+00       0.000000000000e+00       0.000000000000e+00 
  451       6.665152090878e-04       1.218708306582e-05       5.765303569308e-06       1.005034939234e-05       0.000000000000e+00       0.000000000000e+00       0.000000000000e+00 
  452       6.585003154233e-04       1.217700468664e-05       5.726810778736e-06       1.123491907870e-05       0.000000000000e+00       0.000000000000e+00       0.000000000000e+00 
  453       6.510670212242e-04       1.216283003918e-05       5.688009528944e-06       1.241936591002e-05       0.000000000000e+00       0.000000000000e+00       0.000000000000e+00 
  454       6.442115531390e-04       1.214454902521e-05       5.648936442156e-06       1.360161300738e-05       0.000000000000e+00       0.000000000000e+00       0.000000000000e+00 
  455       6.379299593351e-04       1.212215204030e-05       5.609628783662e-06       1.477954811094e-05       0.000000000000e+00       0.000000000000e+00       0.000000000000e+00 
  456       6.322171147637e-04       1.209563960998e-05       5.570123381678e-06       1.595113596090e-05       0.000000000000e+00       0.000000000000e+00       0.000000000000e+00 
  457       6.270637044855e-04       1.206505162845e-05       5.530453341961e-06       1.711475977249e-05       0.000000000000e+00       0.000000000000e+00       0.000000000000e+00 
  458       6.224591418279e-04       1.203043905955e-05       5.490651235295e-06       1.826889027017e-05       0.000000000000e+00       0.000000000000e+00       0.000000000000e+00 
  459       6.183925514679e-04       1.199185439815e-05       5.450750174463e-06       1.941197397354e-05       0.000000000000e+00       0.000000000000e+00       0.000000000000e+00 
  460       6.148527676645e-04       1.194935167957e-05       5.410783817097e-06       2.054243307106e-05       0.000000000000e+00       0.000000000000e+00       0.000000000000e+00 
  461       6.118283324900e-04       1.190298648898e-05       5.370786368519e-06       2.165866529379e-05       0.000000000000e+00       0.000000000000e+00       0.000000000000e+00 
  462       6.093074940620e-04       1.185281597088e-05       5.330792584589e-06       2.275904378907e-05       0.000000000000e+00       0.000000000000e+00       0.000000000000e+00 
  463       6.072782047750e-04       1.179889883850e-05       5.290837774547e-06       2.384191699433e-05       0.000000000000e+00       0.000000000000e+00       0.000000000000e+00 
  464       6.057281195322e-04       1.174129538324e-05       5.250957803859e-06       2.490560851073e-05       0.000000000000e+00       0.000000000000e+00       0.000000000000e+00 
  465       6.046445939773e-04       1.168006748407e-05       5.211189097062e-06       2.594841697698e-05       0.000000000000e+00       0.000000000000e+00       0.000000000000e+00 
  466       6.040146827257e-04       1.161527861700e-05       5.171568640606e-06       2.696861594296e-05       0.000000000000e+00       0.000000000000e+00       0.000000000000e+00 
  467       6.038248819661e-04       1.154699926323e-05       5.132132015369e-06       2.796459187546e-05       0.000000000000e+00       0.000000000000e+00       0.000000000000e+00 
  468       6.040603520392e-04       1.147532329968e-05       5.092907420984e-06       2.893526316018e-05       0.000000000000e+00       0.000000000000e+00       0.000000000000e+00 
  469       6.047056671738e-04       1.140035213731e-05       5.053921471073e-06       2.987967389583e-05       0.000000000000e+00       0.000000000000e+00       0.000000000000e+00 
  470       6.057450670265e-04       1.132218938088e-05       5.015201148517e-06       3.079685689118e-05       0.000000000000e+00       0.000000000000e+00       0.000000000000e+00 
  471       6.071624547730e-04       1.124094084131e-05       4.976773807220e-06       3.168583361458e-05       0.000000000000e+00       0.000000000000e+00       0.000000000000e+00 
  472       6.089413951997e-04       1.115671454813e-05       4.938667173874e-06       3.254561414356e-05       0.000000000000e+00       0.000000000000e+00       0.000000000000e+00 
  473       6.110651127947e-04       1.106962076183e-05       4.900909349718e-06       3.337519711438e-05       0.000000000000e+00       0.000000000000e+00       0.000000000000e+00 
  474       6.135164898396e-04       1.097977198625e-05       4.863528812303e-06       3.417356967164e-05       0.000000000000e+00       0.000000000000e+00       0.000000000000e+00 
  475       6.162780645008e-04       1.088728298102e-05       4.826554417255e-06       3.493970741779e-05       0.000000000000e+00       0.000000000000e+00       0.000000000000e+00 
  476       6.193320289205e-04       1.079227077390e-05       4.790015400036e-06       3.567257436277e-05       0.000000000000e+00       0.000000000000e+00       0.000000000000e+00 
  477       6.226602273084e-04       1.069485467322e-05       4.753941377709e-06       3.637112287351e-05       0.000000000000e+00       0.000000000000e+00       0.000000000000e+00 
  478       6.262441540331e-04       1.059515628021e-05       4.718362350701e-06       3.703429362356e-05       0.000000000000e+00       0.000000000000e+00       0.000000000000e+00 
  479       6.300654557533e-04       1.049329972415e-05       4.683306054892e-06       3.766116336966e-05       0.000000000000e+00       0.000000000000e+00       0.000000000000e+00 
  480       6.341074584654e-04       1.038941235010e-05       4.648789925865e-06       3.825139332025e-05       0.000000000000e+00       0.000000000000e+00       0.000000000000e+00 
  481       6.383536830570e-04       1.028362407641e-05       4.614828894169e-06       3.880479427996e-05       0.000000000000e+00       0.000000000000e+00       0.000000000000e+00 
  482       6.427873438178e-04       1.017606718644e-05       4.581438013310e-06       3.932118007985e-05       0.000000000000e+00       0.000000000000e+00       0.000000000000e+00 
  483       6.473913467936e-04       1.006687634103e-05       4.548632460131e-06       3.980036760419e-05       0.000000000000e+00       0.000000000000e+00       0.000000000000e+00 
  484       6.521482881408e-04       9.956188591055e-06       4.516427535193e-06       4.024217681712e-05       0.000000000000e+00       0.000000000000e+00       0.000000000000e+00 
  485       6.570404524813e-04       9.844143389884e-06       4.484838663156e-06       4.064643078943e-05       0.000000000000e+00       0.000000000000e+00       0.000000000000e+00 
  486       6.620498112562e-04       9.730882605932e-06       4.453881393156e-06       4.101295572526e-05       0.000000000000e+00       0.000000000000e+00       0.000000000000e+00 
  487       6.671580210808e-04       9.616550535151e-06       4.423571399184e-06       4.134158098883e-05       0.000000000000e+00       0.000000000000e+00       0.000000000000e+00 
  488       6.723464220989e-04       9.501293913546e-06       4.393924480473e-06       4.163213913116e-05       0.000000000000e+00       0.000000000000e+00       0.000000000000e+00 
  489       6.775960363371e-04       9.385261929678e-06       4.364956561867e-06       4.188446591679e-05       0.000000000000e+00       0.000000000000e+00       0.000000000000e+00 
  490       6.828875660595e-04       9.268606237181e-06       4.336683694212e-06       4.209840035052e-05       0.000000000000e+00       0.000000000000e+00       0.000000000000e+00 
  491       6.882024504193e-04       9.151475364992e-06       4.309120300391e-06       4.227385813872e-05       0.000000000000e+00       0.000000000000e+00       0.000000000000e+00 
  492       6.935260731913e-04       9.033997740482e-06       4.282273855523e-06       4.241105441280e-05       0.000000000000e+00       0.000000000000e+00       0.000000000000e+00 
  493       6.988446468223e-04       8.916298188058e-06       4.256150049927e-06       4.251028765630e-05       0.000000000000e+00       0.000000000000e+00       0.000000000000e+00 
  494       7.041441616089e-04       8.798503495661e-06       4.230754528709e-06       4.257186692992e-05       0.000000000000e+00       0.000000000000e+00       0.000000000000e+00 
  495       7.094103845779e-04       8.680742424500e-06       4.206092891281e-06       4.259611193474e-05       0.000000000000e+00       0.000000000000e+00       0.000000000000e+00 
  496       7.146288583661e-04       8.563145718773e-06       4.182170690862e-06       4.258335307537e-05       0.000000000000e+00       0.000000000000e+00       0.000000000000e+00 
  497       7.197849001009e-04       8.445846115395e-06       4.158993433989e-06       4.253393152322e-05       0.000000000000e+00       0.000000000000e+00       0.000000000000e+00 
  498       7.248636002799e-04       8.328978353726e-06       4.136566580028e-06       4.244819927965e-05       0.000000000000e+00       0.000000000000e+00       0.000000000000e+00 
  499       7.298498216517e-04       8.212679185299e-06       4.114895540677e-06       4.232651923921e-05       0.000000000000e+00       0.000000000000e+00       0.000000000000e+00 
  500       7.347281980954e-04       8.097087383544e-06       4.093985679479e-06       4.216926525281e-05       0.000000000000e+00       0.000000000000e+00       0.000000000000e+00 
